1
TEST DATA                                           
ER 9     1 18570    -100 9    0        0      0        0      0        0      0  1
NO MORE INPUT1 DATA...JOB TERMINATED BY INPUT1.
THE FOLLOWING DATA IS INPUT DATA
    IEND KEND I4    S-ULT.   ---S---   C-BAR-   ---NEND---  L1  IW1  IW2  IW3  IW4  IW5
     34    0   0       1.00021072.00    17.87           0.   1   1    1    1    2    1
  SEG. M3  M5  ISTRES  IA  IFLAG H------P------  N6  N2  -----AM-----   --------F--------          DELTA Y1          DELTA Y11
    1   2   0     0     1    *               0.   0   0            10.              0.0000              1.0000              1.0000
    2   3   0     0     1    0               0.   0   0            10.              0.0000              1.0000              1.0000
    3   9   0     0     1    *               0.   0   0            10.              0.0000              1.0000              1.0000
    4   9   0     0     1    0               0.   0   0            10.              0.0000              1.0000              1.0000
    5  13   0     0     1    4               0.   0   0            10.              0.0000              1.0000              1.0000
    6  13   0     0     1    0               0.   0   0            10.              0.0000              1.0000              1.0000
    7  13   0     0     1    *               0.   0   0            10.              0.0000              1.0000              1.0000
    8  13   0     0     1    *               0.   0   0            10.              0.0000              1.0000              1.0000
    9  13   0     0     1    *               0.   0   0            10.              0.0000              1.0000              1.0000
   10  13   0     0     1    0               0.   0   0            10.              0.0000              1.0000              1.0000
   11   9   0     0     1    *               0.   0   0            10.              0.0000              1.0000              1.0000
   12   9   0     0     1    0               0.   0   0            10.              0.0000              1.0000              1.0000
   13   3   0     0     1    0               0.   0   0            10.              0.0000              1.0000              1.0000
   14   9   0     0     1    0               0.   0   0            10.              0.0000              1.0000              1.0000
   15   9   0     0     1    *               0.   0   0            10.              0.0000              1.0000              1.0000
   16  13   0     0     1    0               0.   0   0            10.              0.0000              1.0000              1.0000
   17  13   0     0     1    4               0.   0   0            10.              0.0000              1.0000              1.0000
   18  13   0     0     1    0               0.   0   0            10.              0.0000              1.0000              1.0000
   19  13   0     0     1    0               0.   0   0            10.              0.0000              1.0000              1.0000
   20  13   0     0     1    0               0.   0   0            10.              0.0000              1.0000              1.0000
   21  13   0     0     1    0               0.   0   0            10.              0.0000              1.0000              1.0000
   22   9   0     0     1    0               0.   0   0            10.              0.0000              1.0000              1.0000
   23   9   0     0     1    0               0.   0   0            10.              0.0000              1.0000              1.0000
   24  13   0     0     1    0               0.   0   0            10.              0.0000              1.0000              1.0000
   25   9   0     0     1    8               0.   0   0            10.              0.0000              1.0000              1.0000
   26   9   0     0     1    0               0.   0   0            10.              0.0000              1.0000              1.0000
   27  13   0     0     1    *               0.   0   0            10.              0.0000              1.0000              1.0000
   28   9   0     0     1    0               0.   0   0            10.              0.0000              1.0000              1.0000
   29   9   0     0     1    *               0.   0   0            10.              0.0000              1.0000              1.0000
   30  13   0     0     1    0               0.   0   0            10.              0.0000              1.0000              1.0000
   31   9   0     0     1    *               0.   0   0            10.              0.0000              1.0000              1.0000
   32   9   0     0     1    0               0.   0   0            10.              0.0000              1.0000              1.0000
   33   1   0     0     1    4               0.   0   0            10.              0.0000              1.0000              1.0000
   34   2   0     0     1    0               0.   0   0            10.              0.0000              1.0000              1.0000
REFERNCE RUN NO.      5    CASE NO.      1
THE FOLLOWING DATA IS INPUT DATA
SEG. H---N SUB 01---  ---N SUB 02---  ---N SUB 03---  --SIG DY1--  --SIG DY2--  --SIG DY3--
  1          0.0000          0.0000          0.0000       0.0000       0.0000       0.0000
  2          0.0000       1725.0000          0.0000       0.0000       0.0000       0.0000
  3          0.0000          1.0000          0.0000      12.0000    1614.0000       1.0000
  4          0.0000         54.0000          0.0000       0.0000       0.0000       0.0000
  5          0.0000       1898.0000          0.0000       0.0000       0.0000       0.0000
  6          0.0000          0.0000          0.0000       0.0000       0.0000       0.0000
  7          0.0000          0.0000          0.0000       0.0000       0.0000       0.0000
  8          0.0000          0.0000          0.0000       0.0000       0.0000       0.0000
  9          0.0000          0.0000          0.0000       0.0000       0.0000       0.0000
 10          0.0000       1898.0000          0.0000       0.0000       0.0000       0.0000
 11          0.0000          1.0000          0.0000      12.0000    1614.0000       1.0000
 12          0.0000         54.0000          0.0000       0.0000       0.0000       0.0000
 13          0.0000       1898.0000          0.0000       0.0000       0.0000       0.0000
 14          0.0000         95.0000          0.0000    1452.0000    1185.0000       1.0000
 15          0.0000         75.0000          0.0000       0.0000       0.0000       0.0000
 16          0.0000       1898.0000          0.0000       0.0000       0.0000       0.0000
 17          0.0000          0.0000          0.0000       0.0000       0.0000       0.0000
 18          0.0000          0.0000          0.0000       0.0000       0.0000       0.0000
 19          0.0000          0.0000          0.0000       0.0000       0.0000       0.0000
 20          0.0000       1898.0000          0.0000       0.0000       0.0000       0.0000
 21          0.0000       1898.0000          0.0000       0.0000       0.0000       0.0000
 22          0.0000         22.0000          0.0000    1336.0000    1827.0000       1.0000
 23          0.0000          4.0000          0.0000       0.0000       0.0000       0.0000
 24          0.0000       1898.0000          0.0000       0.0000       0.0000       0.0000
 25          0.0000         22.0000          0.0000    1336.0000    1827.0000       1.0000
 26          0.0000          4.0000          0.0000       0.0000       0.0000       0.0000
 27          0.0000       1898.0000          0.0000       0.0000       0.0000       0.0000
 28          0.0000         22.0000          0.0000    1336.0000    1827.0000       1.0000
 29          0.0000          4.0000          0.0000       0.0000       0.0000       0.0000
 30          0.0000        125.0000          0.0000       0.0000       0.0000       0.0000
 31          0.0000         22.0000          0.0000    1336.0000    1827.0000       0.0000
 32          0.0000          4.0000          0.0000       0.0000       0.0000       0.0000
 33          0.0000          0.0000          0.0000       0.0000       0.0000       0.0000
 34          0.0000          0.0000          0.0000       0.0000       0.0000       0.0000
REFERNCE RUN NO.      5    CASE NO.      1
THE FOLLOWING DATA IS INPUT DATA
  SEG.   KSIGMA   SLOPE     VE    -----W----      P1          P2         B1       B2          A-BAR     -------T------    N
    1    0.00000   0.00     0.00          0.    0.000000    0.000000    0.000    0.000        0.000000        1112.000    8
    2    0.00000 715.00   115.00     166021.    0.000000    0.005000   25.000    0.000        0.000000       15447.000   10
    3    0.00000   0.00     0.00          0.    0.000000    1.000000    0.049    0.000        1.000000        1334.000   12
    4    0.00000   0.00     0.00          0.    0.000000    1.000000    0.869    0.000        1.000000        1334.000   14
    5    0.00000 642.00  2815.00     163109.    0.000000    0.003300  293.000    0.000        0.000000       22361.000   10
    6    0.00000 643.00  2781.00     163109.    0.000000    0.002000  323.000    0.000        0.000000       29235.000   10
    7    0.00000 662.00  2694.00     163109.    0.000000    0.000950   32.000    0.000        0.000000       67043.000   10
    8    0.00000 687.00  2594.00     163109.    0.000000    0.000280  259.000    0.000        0.000000      178243.000   10
    9    0.00000 732.00  2373.00     163109.    0.000000    0.000110  211.000    0.000        0.000000      272096.000   10
   10    0.00000   0.00   216.00     163109.    0.000000    0.000095   17.000    0.000        0.000000      504848.000   10
   11    0.00000   0.00     0.00          0.    0.000000    1.000000    0.049    0.000        1.000000       30489.000   12
   12    0.00000   0.00     0.00          0.    0.000000    1.000000    0.869    0.000        1.000000       30489.000   14
   13    0.00000  77.00   205.00     258677.    0.000000    0.000980  155.000    0.000        0.000000      196080.000   10
   14    0.00000   0.00     0.00          0.    0.000000    1.000000    0.052    0.000        1.000000        4982.000   10
   15    0.00000   0.00     0.00          0.    0.000000    1.000000    0.092    0.000        1.000000        4982.000   18
   16    0.00000  77.00   225.00     156213.    0.000000    0.000950  168.000    0.000        0.000000       19418.000   10
   17    0.00000 707.00   250.00     156213.    0.000000    0.000110  211.000    0.000        0.000000       26599.000   10
   18    0.00000 656.00   250.00     156213.    0.000000    0.000280  259.000    0.000        0.000000       24197.000   10
   19    0.00000 641.00   250.00     156213.    0.000000    0.000950   32.000    0.000        0.000000       11520.000   10
   20    0.00000 635.00   250.00     156213.    0.000000    0.001900  325.000    0.000        0.000000        4428.000   10
   21    0.00000 635.00   250.00     156213.  **********    0.003100  295.000    0.000        0.000000           0.000   10
   22    0.00000   0.00     0.00          0.    0.000000    1.000000    0.054    0.000        1.000000        2547.000    8
   23    0.00000   0.00     0.00          0.    0.000000    1.000000    0.094    0.000        1.000000        2547.000   24
   24    0.00000 635.00   165.00     156213.    0.000000    0.002900  305.000    0.000        0.000000        2847.000   10
   25    0.00000   0.00     0.00          0.  **********    1.000000    0.054    0.000        1.000000        1658.000    8
   26    0.00000   0.00     0.00          0.    0.000000    1.000000    0.094    0.000        1.000000        1658.000   24
   27    0.00000 657.00   135.00     156123.    0.000000    0.004200  275.000    0.000        0.000000       16781.000   10
   28    0.00000   0.00     0.00          0.    0.000000    1.000000    0.054    0.000        1.000000        1213.000    8
   29    0.00000   0.00     0.00          0.    0.000000    1.000000    0.094    0.000        1.000000        1213.000   24
   30    0.00000 637.00   105.00     156123.    0.000000    0.005000   23.000    0.000        0.000000       11686.000   10
   31    0.00000   0.00     0.00          0.    0.000000    1.000000    0.054    0.000        1.000000        1132.000    8
   32    0.00000   0.00     0.00          0.    0.000000    1.000000    0.094    0.000        1.000000        1132.000   24
   33    0.00000   0.00     0.00          0.    0.000000    0.000000    0.000    0.000        0.000000        1112.000   22
   34    0.00000   0.00     0.00          0.    0.000000    0.000000    0.000    0.000        0.000000        1112.000    8
REFERNCE RUN NO.      5    CASE NO.      1
THE FOLLOWING DATA IS INPUT DATA
   SEG.    AIR DENSITY RATIO     SCALE OF TURBULENCE
     1           0.00000                   0.000
     2         985.00000                   0.000
     3           0.00000                   0.000
     4           0.00000                   0.000
     5         959.00000                   0.000
     6         908.00000                   0.000
     7         798.00000                   0.000
     8         629.00000                   0.000
     9         448.00000                   0.000
    10         326.00000                   0.000
    11           0.00000                   0.000
    12           0.00000                   0.000
    13         271.00000                   0.000
    14           0.00000                   0.000
    15           0.00000                   0.000
    16         322.00000                   0.000
    17         448.00000                   0.000
    18         629.00000                   0.000
    19         798.00000                   0.000
    20         888.00000                   0.000
    21         943.00000                   0.000
    22           0.00000                   0.000
    23           0.00000                   0.000
    24         935.00000                   0.000
    25           0.00000                   0.000
    26           0.00000                   0.000
    27         971.00000                   0.000
    28           0.00000                   0.000
    29           0.00000                   0.000
    30         993.00000                   0.000
    31           0.00000                   0.000
    32           0.00000                   0.000
    33           0.00000                   0.000
    34           0.00000                   0.000
REFERNCE RUN NO.      5    CASE NO.      1
THE FOLLOWING DATA IS INPUT DATA
0
    LL    CUM CYCLES TBL 1  CUM CYCLES TBL 2  CUM CYCLES TBL 3  CUM CYCLES TBL 4  CUM CYCLES TBL 5  CUM CYCLES TBL 6
     1           1000.000          5000.000             0.000             0.000             0.000             0.000
     2            900.000          5000.000             0.000             0.000             0.000             0.000
     3            600.000           750.000             0.000             0.000             0.000             0.000
     4            450.000           100.000             0.000             0.000             0.000             0.000
     5            320.000            15.000             0.000             0.000             0.000             0.000
     6            250.000             2.000             0.000             0.000             0.000             0.000
     7            210.000             3.000             0.000             0.000             0.000             0.000
     8            163.000             0.500             0.000             0.000             0.000             0.000
     9            133.000             0.000             0.000             0.000             0.000             0.000
    10            110.000             0.000             0.000             0.000             0.000             0.000
    11             70.000             0.000             0.000             0.000             0.000             0.000
    12             50.000             0.000             0.000             0.000             0.000             0.000
    13             37.000             0.000             0.000             0.000             0.000             0.000
    14             26.000             0.000             0.000             0.000             0.000             0.000
    15             20.000             0.000             0.000             0.000             0.000             0.000
    16            155.000             0.000             0.000             0.000             0.000             0.000
    17            113.000             0.000             0.000             0.000             0.000             0.000
    18             74.000             0.000             0.000             0.000             0.000             0.000
    19             48.000             0.000             0.000             0.000             0.000             0.000
    20             32.000             0.000             0.000             0.000             0.000             0.000
    21             22.000             0.000             0.000             0.000             0.000             0.000
    22              0.000             0.000             0.000             0.000             0.000             0.000
    23              0.000             0.000             0.000             0.000             0.000             0.000
    24              0.000             0.000             0.000             0.000             0.000             0.000
    25              0.000             0.000             0.000             0.000             0.000             0.000
REFERNCE RUN NO.      5    CASE NO.      1
THE FOLLOWING DATA IS INPUT DATA
  S-N TABLE =  1  IA AND/OR I4 =  1
    NO. OF Y ENTRIES =   3.    NO. OF X ENTRIES =   4.  MAX CYCLES TO FAILURE =           1.
       Y            X          Y1,X         Y2,X         Y3,X         Y4,X         Y5,X         Y6,X         Y7,X
       0.000        0.0000           0.           0.           0.           0.           0.           0.           0.
       0.000        0.0000           0.           0.           0.           0.           0.           0.           0.
       0.000        0.0000           0.           0.           0.
        Y8,X          Y9,X         Y10,0         Y11,X         Y12,X         Y13,X         Y14,X         Y15,X
              0.            0.            0.            0.            0.            0.            0.            0.
              0.            0.            0.            0.            0.            0.            0.            0.
              0.            0.            0.            0.            0.            0.            0.            0.
              0.            0.            0.            0.            0.            0.            0.            0.
              0.            0.            0.            0.            0.            0.            0.            0.
              0.            0.            0.            0.            0.            0.            0.            0.
              0.            0.            0.            0.            0.            0.            0.            0.
              0.            0.            0.            0.            0.            0.            0.            0.
              0.            0.            0.            0.            0.            0.            0.            0.
              0.            0.            0.            0.            0.            0.            0.            0.
              0.            0.            0.            0.            0.            0.            0.            0.
              0.            0.            0.            0.            0.            0.            0.            0.
              0.            0.            0.            0.            0.            0.            0.            0.
              0.            0.            0.            0.            0.            0.            0.            0.
              0.            0.            0.            0.            0.            0.            0.            0.
REFERENCE RUN NO.     1    CASE NO     1
    SEGMENT = 1
--------------------------SPECTRUM--------------------------------  ------------DAMAGE CALCULATION------------
     J   DELTA Y   CUMULATIVE CYCLES  MAX STRESS  MIN STRESS        CYCLES          ALLOWABLE        DAMAGE  CUM DAMAGE
,     1
